0	1.829673e-27
1	1.407889e-26
2	5.361458e-18
3	3.878748e-04
4	8.882539e-16
5	2.560837e-18
6	2.809063e-19
7	1.624916e-12
8	1
9	5.258812e-09
10	4.448193e-19
11	5.290546e-19
12	1.171202e-15
13	5.472842e-18
14	1.113224e-21
15	3.112926e-18
16	2.822237e-30
17	2.610561e-27
18	3.292333e-18
19	6.163055e-07
20	2.162774e-18
21	4.363824e-24
22	5.822767e-19
23	8.356116e-17
24	6.162945e-19
25	1.056254e-19
26	4.673247e-16
27	1.860009e-21
28	5.971947e-15
29	6.130301e-25
30	1
31	1.578856e-26
32	8.560038e-22
33	1.073545e-15
34	1.098215e-11
35	2.712893e-18
36	9.027473e-22
37	9.699417e-21
38	3.315317e-22
39	1.037708e-23
40	2.217635e-16
41	3.522233e-36
42	2.534010e-19
43	1.787240e-30
44	3.588135e-19
45	1.111517e-33
46	3.482022e-19
47	3.702263e-17
48	2.138306e-21
49	9.293342e-23
50	1.707493e-09
51	1.732527e-19
52	4.972331e-18
53	3.522973e-18
54	6.828865e-21
55	1.865159e-19
56	1.906623e-19
57	5.209667e-16
58	3.805349e-19
59	3.724486e-13
60	1.619727e-15
61	2.638032e-21
62	1.017862e-12
63	1.221420e-18
64	7.853826e-19
65	6.237508e-19
66	2.637745e-15
67	1.000000e+00
68	8.980009e-24
69	6.342185e-19
70	3.671549e-16
71	6.438813e-18
72	7.995679e-19
73	3.359548e-19
74	6.462145e-19
75	1.167864e-16
76	1.361683e-18
77	5.673667e-27
78	8.531252e-20
79	7.270737e-15
80	1.794076e-24
81	7.242382e-15
82	2.798690e-19
83	1.939724e-18
84	4.699512e-13
85	3.346994e-08
86	6.057364e-15
87	1.343903e-05
88	1.061380e-18
89	5.093597e-20
90	6.825942e-09
91	3.025370e-15
92	2.765666e-18
93	2.723747e-22
94	1.205108e-17
95	5.675135e-19
96	7.116992e-17
97	3.645782e-22
98	5.131427e-17
99	5.996282e-21
100	1.766631e-21
101	1.834321e-18
102	8.513902e-19
103	4.350238e-21
104	1.240929e-37
105	9.767067e-16
106	3.485950e-18
107	8.449371e-16
108	1.057168e-21
109	1.099937e-18
110	3.263969e-16
111	3.075047e-18
112	9.099273e-22
113	2.574522e-16
114	2.210162e-19
115	5.762239e-19
116	4.422737e-15
117	1.000000e+00
118	1.006775e-17
119	2.457051e-19
120	6.751505e-09
121	3.625218e-19
122	1.207045e-15
123	1.655983e-15
124	9.240839e-20
125	2.265241e-24
126	1
127	1.253941e-18
128	3.164878e-19
129	3.699402e-19
130	7.471544e-36
131	1.282814e-08
132	4.833090e-06
133	2.595353e-04
134	2.816795e-19
135	1.001052e-18
136	3.892238e-22
137	1.431428e-15
138	2.549473e-15
139	6.498599e-18
140	7.871908e-22
141	1
142	1.409262e-20
143	1.388760e-18
144	9.334065e-19
145	3.383965e-13
146	7.316701e-29
147	5.671946e-07
148	2.071850e-15
149	2.191423e-19
150	1.184608e-15
151	5.366071e-16
152	1.306146e-16
153	1.371240e-18
154	1.471124e-18
155	1.065954e-18
156	5.685474e-22
157	1.638960e-18
158	4.861991e-17
159	8.079655e-19
160	3.073866e-19
161	1.540678e-11
162	4.786955e-16
163	3.240989e-19
164	1.000000e+00
165	1.710068e-16
166	9.999991e-01
167	2.249478e-19
168	3.740020e-35
169	3.292604e-19
170	3.313541e-19
171	7.520474e-19
172	1.219143e-38
173	3.396615e-16
174	1.205842e-18
175	2.958184e-36
176	8.700649e-16
177	6.467082e-18
178	2.046160e-07
179	9.417933e-19
180	2.049636e-18
181	1.305389e-11
182	1.864266e-40
183	6.172094e-27
184	3.981420e-13
185	1.053811e-18
186	1.607862e-11
187	1.532822e-21
188	1.393080e-18
189	1.133781e-08
190	2.836032e-18
191	7.551158e-30
192	2.677789e-13
193	1.743827e-33
194	1.988633e-18
195	1.000000e+00
196	2.563971e-20
197	2.275583e-19
198	7.878723e-19
199	3.156788e-19
200	1
201	1.132998e-17
202	5.917954e-19
203	1.690400e-15
204	4.458290e-18
205	6.451934e-18
206	1.281872e-18
207	1.794018e-18
208	1.111499e-12
209	1.257070e-21
210	1.173407e-18
211	3.911937e-21
212	2.145328e-18
213	4.768629e-22
214	1.058535e-18
215	1.933119e-32
216	4.469598e-19
217	3.624446e-16
218	4.385184e-16
219	2.185822e-16
220	9.999881e-01
221	7.629904e-23
222	6.998738e-19
223	8.537010e-19
224	1.732689e-18
225	9.494542e-22
226	2.245598e-18
227	2.031649e-15
228	2.631485e-18
229	1.130054e-18
230	5.377218e-18
231	1.778736e-18
232	4.733977e-10
233	1.018831e-12
234	7.473134e-19
235	3.169858e-19
236	6.450402e-19
237	5.844641e-13
238	9.996654e-01
239	2.368138e-21
240	4.535984e-30
241	4.050482e-18
242	9.859929e-19
243	5.891906e-18
244	2.704423e-19
245	4.011681e-22
246	2.056609e-21
247	1.966884e-18
248	6.319425e-16
249	4.644900e-21
250	1.025669e-18
251	1.181326e-11
252	6.810705e-21
253	8.071156e-19
254	1.263980e-20
255	1.123934e-18
256	3.834712e-21
257	1.284799e-06
258	3.119105e-21
259	2.368289e-17
260	1
261	1.214906e-20
262	7.315769e-19
263	8.182290e-33
264	2.141100e-09
265	4.320926e-38
266	5.215224e-19
267	2.621613e-16
268	1.385807e-16
269	6.443382e-13
270	1.049344e-15
271	2.375900e-19
272	7.422980e-17
273	1.422730e-18
274	1.853650e-24
275	2.569076e-02
276	5.220518e-19
277	4.758797e-17
278	1.300192e-36
279	8.812130e-22
280	6.191119e-18
281	1
282	3.933782e-40
283	7.930926e-13
284	5.601121e-21
285	3.426529e-18
286	1.017359e-12
287	1.042320e-17
288	5.423981e-18
289	4.571253e-19
290	5.918609e-19
291	2.735730e-32
292	9.221673e-23
293	3.897077e-22
294	2.450776e-16
295	1.148312e-21
296	1.218973e-24
297	2.572436e-16
298	9.236145e-37
299	3.718255e-19
300	1
301	8.252037e-13
302	6.350175e-19
303	2.314960e-17
304	1.273083e-18
305	1.119837e-18
306	3.149641e-21
307	2.811430e-21
308	5.481563e-37
309	7.647865e-16
310	6.221598e-20
311	7.668575e-19
312	3.021741e-18
313	3.468138e-07
314	2.508915e-40
315	3.910151e-21
316	9.316318e-42
317	3.651017e-16
318	8.063288e-16
319	1.843231e-19
320	1.254642e-16
321	1.288915e-03
322	3.996332e-09
323	1.487008e-18
324	1.105845e-21
325	2.540468e-16
326	2.007410e-19
327	4.618872e-19
328	7.877037e-16
329	1
330	2.320851e-16
331	8.703627e-16
332	2.683224e-18
333	3.524315e-18
334	1.894030e-15
335	4.552391e-19
336	1.364008e-18
337	6.572641e-12
338	1.623927e-18
339	8.764904e-18
340	7.496089e-19
341	6.696448e-19
342	4.181647e-21
343	1.940512e-18
344	2.793241e-18
345	2.760918e-18
346	1
347	1.857187e-08
348	9.865559e-19
349	1.221642e-15
350	1.562659e-07
351	2.806252e-18
352	1.686212e-17
353	6.459084e-19
354	1.887307e-15
355	1.038404e-18
356	1.481802e-13
357	1.023263e-13
358	5.804526e-36
359	7.929652e-23
360	1.556995e-22
361	1.650968e-17
362	6.486918e-13
363	1.523924e-16
364	1.503482e-21
365	1.319479e-33
366	1.075654e-18
367	2.503119e-08
368	8.594455e-19
369	1.119866e-12
370	9.999995e-01
371	1.128594e-31
372	4.782164e-18
373	2.841044e-18
374	8.823846e-18
375	2.959027e-14
376	4.601939e-22
377	5.602929e-13
378	1.461160e-17
379	4.843679e-18
380	2.574566e-16
381	2.847286e-19
382	2.147000e-18
383	1.256894e-22
384	6.318494e-18
385	2.254508e-19
386	6.096617e-12
387	2.749227e-21
388	1.000000e+00
389	1
390	2.608686e-19
391	1.542284e-18
392	1.352354e-18
393	4.531682e-09
394	1.262577e-16
395	9.458412e-27
396	3.215760e-32
397	1.174930e-02
398	2.172657e-21
399	2.440476e-18
400	1.535987e-17
401	8.742593e-16
402	4.591922e-16
403	9.547227e-22
404	9.077321e-14
405	1.978690e-21
406	1.476161e-18
407	9.793412e-21
408	6.758821e-17
409	1.139148e-18
410	2.656910e-18
411	5.312229e-16
412	1.474094e-21
413	4.839344e-19
414	9.971432e-01
415	3.617996e-16
416	1.284345e-15
417	3.125506e-19
418	2.217507e-16
419	3.068290e-18
420	9.253220e-01
421	4.941709e-17
422	2.177216e-18
423	8.808551e-19
424	3.411059e-14
425	6.110469e-19
426	1.018068e-21
427	1.274936e-12
428	5.493764e-16
429	3.490875e-17
430	8.882030e-39
431	1.776720e-15
432	1.358642e-02
433	8.172740e-22
434	6.728730e-36
435	2.948865e-18
436	9.462060e-13
437	9.827928e-19
438	3.064823e-01
439	1.137542e-13
440	2.590543e-14
441	8.242893e-12
442	6.768202e-12
443	6.040535e-19
444	1.263293e-29
445	1.018740e-17
446	4.812266e-19
447	9.040503e-21
448	3.811168e-21
449	1.788420e-06
450	4.719253e-16
451	3.045820e-18
452	9.112808e-19
453	1.653384e-15
454	2.626506e-36
455	3.066060e-06
456	2.186301e-21
457	2.870880e-27
458	8.032565e-17
459	2.143423e-18
460	1.594152e-18
461	7.321138e-24
462	7.401704e-04
463	1
464	8.378381e-17
465	2.728789e-22
466	2.331653e-16
467	2.506586e-18
468	4.279575e-25
469	1
470	3.112347e-19
471	9.986732e-19
472	1
473	7.222119e-19
474	3.682929e-07
475	1
476	4.374905e-19
477	2.024680e-18
478	8.390256e-20
479	2.869344e-19
480	1.170174e-19
481	1.121853e-15
482	3.875229e-15
483	1.049241e-38
484	2.571228e-01
485	1.130354e-19
486	4.742610e-18
487	6.903662e-19
488	4.462903e-19
489	1.493815e-17
490	1.536557e-04
491	4.114753e-18
492	1.204117e-18
493	8.517781e-18
494	1.875539e-21
495	2.545540e-19
496	2.157358e-19
497	9.757650e-19
498	7.143814e-15
499	4.131008e-18
500	3.312926e-15
501	4.945614e-03
502	1
503	1.096814e-18
504	9.400638e-19
505	1.956911e-19
506	2.073384e-22
507	1.535055e-17
508	3.739680e-16
509	1.643312e-18
510	1.422900e-13
511	2.610749e-15
512	1.897922e-19
513	1.448617e-19
514	1.322254e-17
515	2.065446e-26
516	5.021217e-12
517	6.535108e-01
518	2.919387e-18
519	1.132465e-18
520	9.427834e-19
521	3.494295e-16
522	9.359405e-19
523	8.200848e-18
524	1
525	1.655125e-15
526	1.502926e-18
527	4.646781e-22
528	1.290180e-18
529	1.701519e-15
530	3.626364e-22
531	7.303115e-18
532	1.513264e-18
533	1.010792e-18
534	3.070605e-12
535	4.888392e-19
536	6.582163e-08
537	5.876176e-22
538	2.488519e-06
539	2.238641e-23
540	1.610663e-20
541	4.386690e-01
542	1.767316e-18
543	7.045352e-33
544	1.035337e-17
545	5.307113e-16
546	1.000000e+00
547	1.771952e-30
548	6.324622e-18
549	1.276161e-18
550	1.806121e-05
551	3.372079e-18
552	1.000000e+00
553	3.465416e-15
554	2.192105e-21
555	2.565057e-15
556	6.573020e-20
557	4.307871e-16
558	1.628817e-21
559	2.516122e-19
560	5.528401e-25
561	5.110524e-12
562	3.441180e-40
563	8.725086e-19
564	3.911050e-19
565	1.989144e-18
566	2.492626e-15
567	8.248722e-18
568	7.843836e-22
569	3.033527e-21
570	2.281597e-22
571	8.207740e-13
572	5.861853e-19
573	5.205542e-15
574	5.343208e-30
575	4.156551e-18
576	2.230830e-13
577	1.330303e-18
578	3.892886e-21
579	3.180832e-19
580	2.777354e-18
581	1.058851e-18
582	5.719007e-16
583	5.711426e-18
584	4.905165e-16
585	8.827230e-16
586	1.872213e-16
587	3.079437e-18
588	4.911315e-19
589	3.549463e-19
590	2.560652e-17
591	9.686238e-19
592	8.300112e-19
593	1.940647e-19
594	1.325884e-07
595	4.534514e-16
596	2.677746e-19
597	2.733944e-15
598	2.526502e-21
599	5.136560e-15
600	1.003529e-17
601	9.133983e-19
602	2.117476e-16
603	6.608995e-19
604	1.528934e-22
605	9.999335e-01
606	5.234399e-18
607	7.985473e-07
608	5.442042e-18
609	4.278220e-06
610	4.913465e-19
611	1.235153e-18
612	1.939775e-16
613	2.303110e-18
614	9.642298e-28
615	4.376948e-21
616	5.719786e-21
617	9.164769e-22
618	1.317740e-42
619	2.410939e-18
620	1.534896e-18
621	1.605416e-16
622	2.242461e-21
623	3.418698e-19
624	1.380678e-05
625	1.649296e-17
626	5.025134e-19
627	4.868894e-16
628	1.360613e-15
629	6.374527e-19
630	2.318121e-15
631	2.290418e-16
632	2.163485e-19
633	3.407633e-18
634	6.308545e-19
635	9.476875e-03
636	1.577007e-12
637	8.642474e-19
638	1.236487e-10
639	5.945867e-22
640	6.136269e-15
641	1.165655e-12
642	5.039202e-16
643	9.999994e-01
644	1.271319e-28
645	3.608372e-21
646	1.522460e-18
647	6.308215e-06
648	2.750490e-21
649	3.031252e-15
650	1.000000e+00
651	1.036409e-18
652	8.220131e-33
653	1.150114e-15
654	1
655	1.300645e-03
656	2.932247e-19
657	1.000000e+00
658	4.996585e-16
659	6.364609e-18
660	1.365506e-19
661	1.351052e-16
662	2.586616e-16
663	3.731432e-27
664	5.539196e-19
665	1.675546e-18
666	1.505584e-18
667	2.876176e-21
668	6.209157e-25
669	7.393474e-16
670	1.493581e-18
671	3.061532e-07
672	2.983848e-18
673	1.774081e-04
674	2.607850e-18
675	1.380527e-18
676	1.086199e-11
677	1.885236e-18
678	5.811812e-22
679	1.303986e-16
680	8.267050e-19
681	2.164988e-18
682	1.788277e-18
683	4.933768e-18
684	9.959166e-19
685	1.942174e-08
686	1.954683e-20
687	2.831345e-19
688	1.621273e-19
689	1.258244e-16
690	7.272907e-14
691	1.199920e-18
692	1.350538e-12
693	3.335927e-21
694	1.269570e-19
695	9.423856e-19
696	3.370026e-18
697	6.577721e-18
698	2.155908e-18
699	2.956773e-12
700	1.853176e-12
701	5.099210e-18
702	1.623400e-15
703	3.133698e-07
704	3.519213e-19
705	7.384030e-24
706	9.889161e-18
707	1.308810e-08
708	1
709	1.698098e-18
710	1.133595e-21
711	8.068465e-32
712	7.251594e-37
713	1.638970e-09
714	1.716784e-15
715	2.288128e-27
716	1.445237e-18
717	1
718	1.025952e-21
719	3.628553e-16
720	1.846763e-14
721	7.516136e-19
722	1.445030e-15
723	1.000000e+00
724	1.550452e-19
725	9.388297e-08
726	3.596289e-18
727	5.713196e-17
728	6.035408e-19
729	2.662559e-04
730	9.036411e-19
731	1.192831e-20
732	1
733	9.932514e-22
734	3.122481e-22
735	9.206682e-10
736	1.301025e-13
737	7.773288e-19
738	2.066356e-15
739	3.689219e-19
740	1.186838e-21
741	1.711378e-17
742	9.348903e-43
743	2.356474e-17
744	1.099884e-16
745	2.597358e-18
746	6.292956e-19
747	5.360577e-19
748	6.392398e-16
749	1.519192e-19
750	1.077323e-18
751	7.637944e-14
752	1.245513e-17
753	4.717931e-15
754	6.227484e-19
755	4.162867e-17
756	1.786059e-18
757	5.881997e-19
758	6.713095e-07
759	2.548675e-19
760	6.699814e-22
761	5.408963e-16
762	1.121222e-15
763	6.772344e-35
764	3.550637e-18
765	8.970416e-22
766	7.113496e-19
767	1.405909e-21
768	1.502263e-18
769	2.338394e-18
770	1.318328e-17
771	1.000000e+00
772	9.999964e-01
773	9.089432e-19
774	2.252626e-08
775	4.522173e-16
776	1.851172e-15
777	4.309499e-24
778	6.320668e-16
779	2.242590e-14
780	4.619890e-16
781	7.646931e-19
782	2.777322e-16
783	3.644600e-18
784	7.750556e-19
785	2.731483e-17
786	7.668766e-20
787	5.160483e-19
788	1.770261e-19
789	1.830887e-09
790	3.775222e-18
791	3.712082e-15
792	1.441375e-20
793	1.312383e-15
794	1.227340e-21
795	7.185837e-17
796	6.126869e-18
797	1.418094e-21
798	6.509386e-22
799	2.714860e-13
800	4.304192e-16
801	4.611347e-18
802	1.963067e-04
803	3.327256e-17
804	7.139548e-01
805	4.429867e-22
806	6.553612e-43
807	2.335562e-16
808	3.133383e-23
809	1.988079e-12
810	5.224388e-16
811	1.731183e-12
812	1.059376e-15
813	7.675865e-22
814	1.409665e-21
815	1.743697e-18
816	2.900045e-33
817	4.198936e-18
818	3.119460e-15
819	1.136400e-18
820	3.423430e-21
821	5.963279e-19
822	1.192569e-15
823	2.645510e-33
824	5.735794e-18
825	1.884810e-20
826	2.935972e-21
827	6.312024e-18
828	1.740230e-18
829	3.185861e-21
830	5.820676e-22
831	2.082915e-15
832	4.624349e-19
833	3.576381e-16
834	7.444545e-21
835	1.149250e-18
836	5.427755e-15
837	3.921452e-16
838	9.999224e-01
839	1.056907e-15
840	3.172013e-19
841	1.548693e-24
842	4.344746e-33
843	1.304284e-21
844	3.268941e-18
845	8.643446e-33
846	8.577484e-19
847	6.073496e-18
848	3.391122e-19
849	2.924520e-15
850	5.202712e-15
851	1.007697e-18
852	5.695282e-19
853	1.773107e-19
854	1.027441e-18
855	3.023947e-15
856	2.883532e-36
857	2.166255e-13
858	4.987538e-27
859	9.676867e-16
860	7.013468e-16
861	2.589485e-15
862	2.102902e-10
863	1.498070e-30
864	1.688637e-33
865	1.034247e-07
866	1.232075e-18
867	1.653918e-19
868	2.927576e-19
869	2.987191e-30
870	9.716690e-23
871	8.093868e-19
872	5.845492e-22
873	1.000000e+00
874	1.317999e-15
875	3.387310e-18
876	4.860810e-22
877	2.323165e-18
878	5.801118e-21
879	2.814301e-15
880	1.850421e-17
881	5.855776e-19
882	9.444947e-19
883	1.690771e-17
884	4.732163e-22
885	1
886	1.162571e-21
887	2.449507e-18
888	8.977480e-14
889	5.788502e-18
890	3.429179e-18
891	6.901660e-37
892	9.602304e-17
893	6.485633e-19
894	1.971072e-19
895	1.986035e-36
896	3.623357e-19
897	1.353097e-15
898	2.973459e-24
899	3.722959e-14
900	4.924807e-05
901	1.149697e-15
902	2.127698e-21
903	1.168159e-26
904	3.325610e-18
905	9.308547e-20
906	3.738638e-19
907	1.808748e-22
908	1.813992e-06
909	1.817695e-18
910	1.580979e-15
911	4.031404e-19
912	6.041243e-14
913	1.076550e-18
914	1.461615e-19
915	3.023385e-27
916	4.941989e-16
917	1.000000e+00
918	1.846039e-18
919	9.403612e-14
920	2.974459e-19
921	6.140687e-18
922	9.850131e-01
923	2.723146e-12
924	9.962907e-01
925	5.179028e-24
926	4.915268e-13
927	2.979461e-09
928	3.932658e-19
929	1.212697e-18
930	4.133443e-16
931	1.640729e-18
932	3.262149e-03
933	9.728676e-01
934	1.035823e-13
935	3.103417e-19
936	5.263111e-18
937	3.864453e-18
938	2.488423e-05
939	2.276489e-20
940	4.034960e-18
941	4.490217e-16
942	1.476707e-09
943	1
944	2.322009e-22
945	1.869197e-19
946	7.905086e-19
947	1.394062e-05
948	2.509168e-18
949	1.394750e-16
950	1.088849e-18
951	2.835921e-21
952	4.811372e-19
953	6.952394e-24
954	1.892041e-19
955	8.766060e-21
956	4.472901e-16
957	8.685259e-43
958	8.513708e-12
959	1.206662e-18
960	2.731695e-04
961	2.614166e-19
962	2.250640e-17
963	1.397575e-18
964	1.838206e-19
965	5.044389e-19
966	3.195425e-18
967	5.687386e-35
968	2.431196e-17
969	2.165983e-21
970	2.437325e-19
971	5.975708e-19
972	5.027629e-18
973	1.099126e-19
974	8.497221e-07
975	1.131589e-13
976	1.586087e-16
977	1.206542e-13
978	3.087748e-21
979	1.274822e-18
980	7.937701e-11
981	8.999683e-21
982	1.181995e-22
983	1.666898e-17
984	2.658534e-39
985	1
986	2.499337e-18
987	2.182223e-15
988	1.281106e-06
989	6.850858e-09
990	4.394850e-16
991	9.806311e-18
992	1.074553e-15
993	7.888896e-16
994	2.488246e-16
995	1.308776e-18
996	3.539193e-18
997	1.333397e-21
998	2.314988e-39
999	4.464887e-16
1000	4.311568e-18
1001	8.248200e-18
1002	1.212408e-17
1003	1.141450e-18
1004	7.175713e-18
1005	1.411321e-18
1006	2.241580e-22
1007	1.830655e-19
1008	2.556486e-18
1009	1.246129e-18
1010	2.922339e-19
1011	7.389501e-18
1012	3.093287e-17
1013	1.000000e+00
1014	2.259960e-18
1015	7.818837e-14
1016	6.376065e-15
1017	4.720785e-19
1018	1.177760e-24
1019	1
1020	5.292983e-08
1021	7.639366e-11
1022	3.042063e-16
1023	8.795931e-18
1024	4.215749e-18
1025	8.487406e-19
1026	6.576718e-19
1027	8.615467e-17
1028	5.522859e-20
1029	4.610779e-22
1030	1.361513e-15
1031	2.558363e-05
1032	3.390743e-20
1033	9.999822e-01
1034	3.018701e-15
1035	6.969038e-19
1036	2.295809e-36
1037	1.772751e-16
1038	1.766932e-22
1039	2.975007e-16
1040	7.742202e-21
1041	3.769084e-22
1042	1.787698e-18
1043	2.404346e-19
1044	6.436169e-18
1045	6.395690e-01
1046	4.425603e-16
1047	1.861640e-19
1048	1.791645e-18
1049	8.824033e-22
1050	2.937696e-18
1051	1
1052	3.666993e-18
1053	1.315667e-15
1054	1
1055	6.609420e-15
1056	3.705897e-19
1057	3.678266e-22
1058	4.335887e-13
1059	1.647930e-31
1060	1.628550e-21
1061	5.817713e-01
1062	1.130344e-16
1063	6.729002e-17
1064	1.215979e-17
1065	1.180448e-11
1066	5.999333e-16
1067	4.596432e-16
1068	1.079966e-17
1069	1.558989e-21
1070	1.959769e-15
1071	1.644563e-23
1072	6.605627e-19
1073	6.857576e-19
1074	1.076359e-17
1075	2.096657e-16
1076	5.213936e-39
1077	3.840211e-28
1078	2.525681e-05
1079	1.824429e-18
1080	1.763908e-18
1081	2.595432e-06
1082	1.191388e-19
1083	1.792788e-19
1084	2.564091e-15
1085	1.401247e-17
1086	1.177600e-18
1087	9.411521e-14
1088	3.573310e-32
1089	1.340276e-19
1090	2.752548e-21
1091	1.093339e-18
1092	6.290613e-16
1093	8.583360e-21
1094	1.434304e-13
1095	2.175438e-19
1096	1.190849e-27
1097	8.960241e-03
1098	8.628856e-18
1099	2.227515e-18
1100	2.507811e-06
1101	1.876128e-07
1102	1.975021e-01
1103	4.133973e-19
1104	2.418169e-30
1105	2.287712e-18
1106	4.747385e-19
1107	2.489411e-15
1108	2.611468e-16
1109	3.631562e-19
1110	2.971923e-15
1111	1.009305e-21
1112	1.465525e-18
1113	1.024304e-21
1114	1.943519e-18
1115	2.843599e-16
1116	5.387535e-33
1117	6.449744e-13
1118	8.993428e-10
1119	2.870260e-12
1120	2.250432e-21
1121	1.597995e-18
1122	1.863103e-20
1123	3.700790e-19
1124	1.166685e-22
1125	2.620519e-18
1126	7.658489e-19
1127	2.251457e-23
1128	1.334347e-16
1129	1.808314e-13
1130	1.747364e-17
1131	4.551056e-19
1132	1.366362e-15
1133	1.786056e-18
1134	1.000000e+00
1135	3.254178e-08
1136	9.160253e-13
1137	1.000010e-17
1138	3.129181e-19
1139	1.838619e-21
1140	2.505081e-19
1141	8.672957e-18
1142	3.869989e-21
1143	7.507158e-19
1144	1.846835e-01
1145	1
1146	6.836053e-19
1147	6.784913e-16
1148	9.446802e-19
1149	8.362455e-19
1150	1.302445e-18
1151	4.884698e-22
1152	1.460141e-07
1153	4.650502e-19
1154	1.544452e-18
1155	2.948966e-23
1156	5.147151e-22
1157	1
1158	1.743549e-21
1159	1.740385e-21
1160	6.709215e-19
1161	5.666492e-15
1162	4.139435e-19
1163	6.996297e-17
1164	1.952419e-31
1165	9.820446e-21
1166	4.593406e-19
1167	6.256992e-18
1168	1.838296e-19
1169	3.807093e-16
1170	9.443913e-18
1171	1.052808e-19
1172	8.135174e-19
1173	2.206160e-18
1174	8.743108e-21
1175	2.009057e-27
1176	1.589684e-18
1177	5.576709e-19
1178	3.727225e-19
1179	5.669540e-19
1180	5.621278e-21
1181	3.659320e-18
1182	1.657953e-15
1183	2.629297e-18
1184	4.799081e-22
1185	1.365387e-18
1186	2.357571e-15
1187	5.354559e-18
1188	8.201021e-16
1189	3.082054e-29
1190	8.168656e-09
1191	7.276423e-15
1192	2.289660e-21
1193	3.807245e-16
1194	1.810754e-14
1195	8.689663e-18
1196	2.527546e-21
1197	1.243148e-36
1198	1.524435e-18
1199	1.134891e-05
1200	1.372867e-18
1201	1.617810e-10
1202	2.832936e-16
1203	1.225096e-04
1204	2.840571e-03
1205	3.219436e-18
1206	4.538763e-16
1207	4.294143e-24
1208	2.319595e-15
1209	2.035065e-37
1210	5.166409e-19
1211	3.314817e-30
1212	9.997935e-01
1213	1.804636e-21
1214	8.822794e-09
1215	1.126807e-18
1216	9.313171e-19
1217	1.620089e-18
1218	2.153347e-21
1219	3.536033e-16
1220	8.045984e-16
1221	5.144944e-19
1222	6.076032e-19
1223	3.638364e-16
1224	6.176486e-22
1225	9.931672e-21
1226	9.211874e-19
1227	1.706599e-18
1228	2.157239e-18
1229	1.186849e-22
1230	4.579617e-18
1231	7.680099e-15
1232	4.601194e-22
1233	8.873261e-22
1234	2.889149e-20
1235	1.736574e-17
1236	1.145916e-17
1237	3.023423e-21
1238	9.595350e-01
1239	1.196677e-18
1240	9.275995e-19
1241	7.655117e-22
1242	7.517234e-21
1243	5.120366e-13
1244	1.596947e-17
1245	1.168384e-21
1246	5.404308e-15
1247	5.532573e-19
1248	3.996590e-17
1249	3.954306e-18
